PartcipantID:1
RandID:1
InitialTimeStamp:13-36-44-711
block;trial;answer;correct;timeSpent;itemsSelected;finalvalue;finalweight;ReverseButtons;instanceNumber;pay;xyCoordinates;
1;1;1;1;3.394951;;0;0;1;24;0.01;(4.286122E-14,-350)(303.1089,-175)(0,350)(-303.1089,-175)(303.1089,175)(-303.1089,175)
